[app/ui]
version = 9.2.0
modtime = 1744380055.087576000

[app/launcher]
version = 9.2.0
modtime = 1744380055.093898000

[indexes/windows_monitoring_nithish]
owner = nithish
version = 9.2.0
modtime = 1744380138.033898000
